name: gym
channels:
  - defaults
dependencies:
  - blas=1.0=mkl
  - ca-certificates=2019.8.28=0
  - certifi=2019.9.11=py37_0
  - cycler=0.10.0=py37_0
  - cython=0.29.13=py37ha925a31_0
  - freetype=2.9.1=ha9979f8_1
  - git=2.20.1=h6bb4b03_0
  - icc_rt=2019.0.0=h0cc432a_1
  - icu=58.2=ha66f8fd_1
  - intel-openmp=2019.4=245
  - jpeg=9b=hb83a4c4_2
  - kiwisolver=1.1.0=py37ha925a31_0
  - libpng=1.6.37=h2a8f88b_0
  - libpython=2.1=py37_0
  - m2w64-binutils=2.25.1=5
  - m2w64-bzip2=1.0.6=6
  - m2w64-crt-git=5.0.0.4636.2595836=2
  - m2w64-gcc=5.3.0=6
  - m2w64-gcc-ada=5.3.0=6
  - m2w64-gcc-fortran=5.3.0=6
  - m2w64-gcc-libgfortran=5.3.0=6
  - m2w64-gcc-libs=5.3.0=7
  - m2w64-gcc-libs-core=5.3.0=7
  - m2w64-gcc-objc=5.3.0=6
  - m2w64-gmp=6.1.0=2
  - m2w64-headers-git=5.0.0.4636.c0ad18a=2
  - m2w64-isl=0.16.1=2
  - m2w64-libiconv=1.14=6
  - m2w64-libmangle-git=5.0.0.4509.2e5a9a2=2
  - m2w64-libwinpthread-git=5.0.0.4634.697f757=2
  - m2w64-make=4.1.2351.a80a8b8=2
  - m2w64-mpc=1.0.3=3
  - m2w64-mpfr=3.1.4=4
  - m2w64-pkg-config=0.29.1=2
  - m2w64-toolchain=5.3.0=7
  - m2w64-tools-git=5.0.0.4592.90b8472=2
  - m2w64-windows-default-manifest=6.4=3
  - m2w64-winpthreads-git=5.0.0.4634.697f757=2
  - m2w64-zlib=1.2.8=10
  - matplotlib=3.1.1=py37hc8f65d3_0
  - mkl=2019.4=245
  - mkl-service=2.3.0=py37hb782905_0
  - mkl_fft=1.0.14=py37h14836fe_0
  - mkl_random=1.1.0=py37h675688f_0
  - msys2-conda-epoch=20160418=1
  - numpy-base=1.16.5=py37hc3f5095_0
  - openssl=1.1.1d=he774522_0
  - pip=19.2.3=py37_0
  - pyparsing=2.4.2=py_0
  - pyqt=5.9.2=py37h6538335_2
  - pystan=2.19.0.0=py37hcce6980_0
  - python=3.7.4=h5263a28_0
  - python-dateutil=2.8.0=py37_0
  - pytz=2019.2=py_0
  - qt=5.9.7=vc14h73c81de_0
  - setuptools=41.2.0=py37_0
  - sip=4.19.8=py37h6538335_0
  - sqlite=3.29.0=he774522_0
  - swig=3.0.12=h047fa9f_3
  - tornado=6.0.3=py37he774522_0
  - vc=14.1=h0510ff6_4
  - vs2015_runtime=14.16.27012=hf0eaf9b_0
  - wheel=0.33.6=py37_0
  - wincertstore=0.2=py37_0
  - zlib=1.2.11=h62dcd97_3
  - pip:
    - absl-py==0.8.0
    - astor==0.8.0
    - atari-py==0.2.6
    - cloudpickle==1.2.2
    - future==0.17.1
    - gast==0.3.2
    - google-pasta==0.1.7
    - grpcio==1.23.0
    - gym==0.14.0
    - gym-retro==0.7.0
    - h5py==2.10.0
    - imageio==2.5.0
    - keras==2.3.0
    - keras-applications==1.0.8
    - keras-preprocessing==1.1.0
    - keras-rl==0.4.2
    - markdown==3.1.1
    - mock==3.0.5
    - numexpr==2.7.0
    - numpy==1.17.2
    - opencv-python==4.1.1.26
    - pillow==6.1.0
    - protobuf==3.9.2
    - pyglet==1.3.2
    - pyyaml==5.1.2
    - scipy==1.3.1
    - six==1.12.0
    - tables==3.5.2
    - tensorboard==1.14.0
    - tensorflow==1.14.0
    - tensorflow-estimator==1.14.0
    - termcolor==1.1.0
    - werkzeug==0.16.0
    - wrapt==1.11.2
prefix: C:\Users\Oliver\Anaconda3\envs\gym
